x/iyp3Dq+wCv3UCPgtnjNrEBOrBHtp34oycYXAHWX7cteXhziDFSFg==
U8CSY7YU9EvY5oCrn5TR/zC37tzuper/gg3L8RaK9VEvj7A/hbNYWw==
U8CSY7YU9EtqVL4lVJLhooIdB8aq34GXwpe0o0hVZCg=
OH3DuhLrT3Cj8bI7n/ABgs21DYMnB/KsEBTutX8kvR0teXhziDFSFg==
KCqSDUhMSU+v3UCPgtnjNgf3Coep9dJX0zjg+3UsmjEvj7A/hbNYWw==
aiTqOb4d8Tyv3UCPgtnjNln/RIPfiUyzAraM+mEqlXEvj7A/hbNYWw==
q+Mixb1BPGqv3UCPgtnjNtEQV0ualaLxy96cMmbveaIvj7A/hbNYWw==
+JBYU22Aibyv3UCPgtnjNrwcoBO15QGOQkTS2OFdwQcteXhziDFSFg==
KKvfN9VUqYSv3UCPgtnjNgIZVJyiTCbq3KIiTY+miQ4vj7A/hbNYWw==
gWyvUX2nluOv3UCPgtnjNrfIjAF11OlKzJRnBsI4g/wvj7A/hbNYWw==
+oWA/QIeLLev3UCPgtnjNtyfEItmicf+ulBlfVq3dkQvj7A/hbNYWw==
RrCXaBmIprKv3UCPgtnjNmoA6Hk1rW40qqjYVQSpxbs=
NyTHidnSjwyv3UCPgtnjNq71slJdqfcwCqmoZQVtSL0=
IhTebsXAEv+v3UCPgtnjNml+vwEW5DZdYbF4YJwQmbg=
5tYPoyndepKv3UCPgtnjNpRlCMM7QjNFVsmTsFoOo5E=
CaLxukxiSyWH/Mk45m8A7NvVDgpglQLo5xWt+ydb71M=
QitKaxc3xC6v3UCPgtnjNuC6WZM5r7eTYLOCs+UtyqAvj7A/hbNYWw==
c0OESn/f5TnY5oCrn5TR/4U9/24WXKeuzwkS+zas1pYteXhziDFSFg==
OH3DuhLrT3Cv3UCPgtnjNi1ITZoDMx4h56ep1oM4KwqmC/SMoASIgw==
c0OESn/f5Tmv3UCPgtnjNiq303Ua7lgYi1riZUoTg2U=
I+VI4oImXS/Y5oCrn5TR/8vw2NBlN+wx79D8IBJjtlovj7A/hbNYWw==
laJda96QcCiv3UCPgtnjNowF9Y8QFNINmGlluGZNYLMvj7A/hbNYWw==
MaXdkR12f1Wv3UCPgtnjNr0vsQrV0lajmiclFNbUmCQteXhziDFSFg==
MaXdkR12f1WH/Mk45m8A7CrSb1Nql4+h6Hurkyj6Y+4teXhziDFSFg==
53lZRz0DI/iv3UCPgtnjNuUkivSvm7Ds1wxjToH+4LUteXhziDFSFg==
LrPC5lD/upnY5oCrn5TR/2mUbEhW4wreulWY1V/AxxwteXhziDFSFg==
9k6EoqT7qp+v3UCPgtnjNlvFO3Sqxq1zyOvjYKk/c+Qvj7A/hbNYWw==
AWf6/dCeFqzY5oCrn5TR/06teLfGEY8DRMt9nXeyH8svj7A/hbNYWw==
GbdGyp6LOMiv3UCPgtnjNtbGTSM/CZdrJuWNoYCu7QUvj7A/hbNYWw==
hn+1nctEu4iv3UCPgtnjNsV/llVHfe2/NgfIFyTM8iQvj7A/hbNYWw==
cwK+ORfQR8+v3UCPgtnjNjWiPFMrmtOR0zjg+3UsmjEvj7A/hbNYWw==
lnmfrhrE1fyv3UCPgtnjNtVLX8+CLUlNZJaLdxmYZ7Ivj7A/hbNYWw==
AWf6/dCeFqyv3UCPgtnjNoCU03qcvYwsd32VX4We8O0vj7A/hbNYWw==
UVJ0bae2HXPY5oCrn5TR/3NzyK766qzz5xWt+ydb71M=
UVJ0bae2HXOv3UCPgtnjNkMT1HRkZGAFM2iu+YwkVk8=
lnmfrhrE1fzY5oCrn5TR/17okOMzB6mdr7QMtCcRKS8teXhziDFSFg==
Kf/cUrA65UZFibecc7TSJBljcUAiCNPNXR66QW+8nEcvj7A/hbNYWw==
S6A3i3KAR4Wv3UCPgtnjNuwM5WBoNBkZNKKUy6Zuj4Evj7A/hbNYWw==
KulN37tv5biv3UCPgtnjNsbttQjJXzISPWaKGWZT17steXhziDFSFg==
udhOdKlf3HSv3UCPgtnjNrzJ1jRhUAyJzwMrCF5cFpsteXhziDFSFg==
ho2SSNeQTSGv3UCPgtnjNuIIKiHDOt1QjdQZkLTrz34vj7A/hbNYWw==
U8CSY7YU9EtqVL4lVJLhoqonqFi4jfdQQGPsA8B3ZdUvj7A/hbNYWw==
QitKaxc3xC7Y5oCrn5TR/yvxvinIg21PACof6m3vJCQvj7A/hbNYWw==
yyHA2tyXecev3UCPgtnjNj8oLKt2NJG4Tp+BouDXuGSmC/SMoASIgw==
LrPC5lD/upmv3UCPgtnjNlbO3ZfbJxb8AThFZ0fRhjQvj7A/hbNYWw==
fOZ8xv6SshfY5oCrn5TR/3u7Y0qVzQUhRMt9nXeyH8svj7A/hbNYWw==
m9g1DXkOCObY5oCrn5TR/6KmevMbi6EgJIEeXXbozWIvj7A/hbNYWw==
m9g1DXkOCOav3UCPgtnjNnAHITTkTRf77MNa8eVpdWs=
SGCMn0t84syv3UCPgtnjNoqN5d0NNKl08y1rNPm3InMvj7A/hbNYWw==
/WSXKz4kWdyv3UCPgtnjNqgf3fflfqf5UA8mEbvLBAAteXhziDFSFg==
NyTHidnSjwzY5oCrn5TR/y+8k2iIHTrGg+hXx/buo3Avj7A/hbNYWw==
EJBHWJVnIbLY5oCrn5TR/y6M3EE+RXqgGmrbyN2YzjsteXhziDFSFg==
/WSXKz4kWdzY5oCrn5TR/zXgYhWsA2sT2nb9QD6mZRU=
gPS9PTo1Xb+v3UCPgtnjNtfqQQLz/iv9+ciMqWwBOuMvj7A/hbNYWw==
jNK39jA2W2Cv3UCPgtnjNjkY7HCs4zUYdOudI/TbbM4=
iQRjd3sJylwv/fABBNMeyxljcUAiCNPNXeAzgaelFeUteXhziDFSFg==
n3UERPrr2jCH/Mk45m8A7AXaBPXhZPuMkHVp4iBi3RgteXhziDFSFg==
U8CSY7YU9Et9+3TM2AR2qX+FqW2wiNWMQdxf3iX7sHUvj7A/hbNYWw==
KulN37tv5bjY5oCrn5TR/z100mvU3z/bqhfHp83ZiS4vj7A/hbNYWw==
KCqSDUhMSU/Y5oCrn5TR/28F7914Zl7v6SZ/t/CdZqgteXhziDFSFg==
F5AF+o0Etfiv3UCPgtnjNovViccj9CYntaXKt2BfhBkvj7A/hbNYWw==
+SHz5qXPrh+v3UCPgtnjNnJ2cwdwTOJIehWGiSOyJFwvj7A/hbNYWw==
H7Zd0eDJTgiv3UCPgtnjNoq09XPR7KdwYeFGTaCDtHw=
SqNEYS2yYaqv3UCPgtnjNtuFnJISW7r0DLjNbriP6RoteXhziDFSFg==
6OzAWawD3Tyv3UCPgtnjNp737RM1Sz8tcA8efPdzEGkvj7A/hbNYWw==
EJBHWJVnIbKv3UCPgtnjNrHcFCk3ZTHSkfu4EZOLL9g=
mf1i1QhwXk+v3UCPgtnjNpSnygSsow3KgI1zmvX9kCIvj7A/hbNYWw==
0JwmUQ7RX6qv3UCPgtnjNu5hswQbcPKjJmec13LJQnovj7A/hbNYWw==
wPUxAT9ElPmv3UCPgtnjNtvENdvnfC18vBmQjzamybkvj7A/hbNYWw==
WrrkYWLTccvY5oCrn5TR/5/YNPrc6wGBC1jqKaJ4hqcteXhziDFSFg==
WrrkYWLTccuv3UCPgtnjNuQEUFdBkLbNx4L0iC7xPRovj7A/hbNYWw==
CaLxukxiSyWv3UCPgtnjNvCj8V0OJwKa5STD8g/cRcAvj7A/hbNYWw==
C7KZRaEtKRCv3UCPgtnjNrF1/HUG3r1IqzvzKMK5SO8vj7A/hbNYWw==
Tq8WZU12ehKH/Mk45m8A7Eml9Qq8+TxLRMt9nXeyH8svj7A/hbNYWw==
FacDG4AMpgWv3UCPgtnjNtzFLtf45FghPxkq5cAo6tY=
1oGq1NSrz7Wv3UCPgtnjNkVKuEImdKljiX5ZrPd8QTUteXhziDFSFg==
U8CSY7YU9Euv3UCPgtnjNvOFl6JAwGs/KibARA/FRU8teXhziDFSFg==
u4IuJ0xp9myv3UCPgtnjNna+gSJvnWiOke8lPxUVmVgteXhziDFSFg==
oI4ZkLFV976v3UCPgtnjNvRMHYcpgv1yiHlFP/HiFEAteXhziDFSFg==
u4IuJ0xp9mwDGo3IwpHev8iAyTPPLY3fgAn+8ASgtZYvj7A/hbNYWw==
3xLiBQtZ0Ayv3UCPgtnjNlFXuc1Ni0I3F1IrgUGSSHUteXhziDFSFg==
lkfaU75Q41GH/Mk45m8A7Kc1x5RGFaxxg2D7v4u2IZYvj7A/hbNYWw==
3uNECJcWgXev3UCPgtnjNoQ2yUosdPBkTscBjPBCQ0wteXhziDFSFg==
KKvfN9VUqYTY5oCrn5TR/ymUFtkFOaQIIkR9KlWTEgwteXhziDFSFg==
ZYPRVJlfGZPY5oCrn5TR/9FB9FpYcsd/T60ZGVPsg2emC/SMoASIgw==
ZYPRVJlfGZOv3UCPgtnjNt9QYWS3rLoNVtJyJcDs8tQvj7A/hbNYWw==
MAeDmBqdQffY5oCrn5TR/9+o4WAURxjVp5pePjf4cy4teXhziDFSFg==
MAeDmBqdQfev3UCPgtnjNlL0FHHWk7Xex4L0iC7xPRovj7A/hbNYWw==
dMcLEv6lN7Cv3UCPgtnjNlauqI1L06/minQ9DdyPArQvj7A/hbNYWw==
mx4Op774SeCv3UCPgtnjNopWtxoDbZCi9yqubTYUm46mC/SMoASIgw==
gPS9PTo1Xb/Y5oCrn5TR/7lGUq6tE/mYujjdNRQ/JdMteXhziDFSFg==
ujwK0NiCgd+v3UCPgtnjNr+wQung/IR37LvM7TlHWbUvj7A/hbNYWw==
IMLVN5kN4z+v3UCPgtnjNn6iylP6WEDtCqmoZQVtSL0=
SGCMn0t84syH/Mk45m8A7DtIf01wdVeZ2nb9QD6mZRU=
RrCXaBmIprKH/Mk45m8A7E9UILBlzLZuSo9D38URwU8vj7A/hbNYWw==
i11zieasw8Ov3UCPgtnjNlcZ7JeTF/C3huKkC3nB7J8=
ejUIrZS7wR+v3UCPgtnjNkXCOK62SFL9CqmoZQVtSL0=
3/gTiHo/s2bY5oCrn5TR/2a2YStHsuNsdEfrN6PV1xQvj7A/hbNYWw==
0IZrb/hhd+Sv3UCPgtnjNj8gNlM0Whcp5Bk7ivXBGhcvj7A/hbNYWw==
DWnWz4FRq+ov/fABBNMey9VlvjSV3ph/7jItUl6lTTAvj7A/hbNYWw==
EJBHWJVnIbKv3UCPgtnjNgA1EymPtuHKZFEsSDQtlMg=
m+B9oCi9Qb2v3UCPgtnjNnzS92tpS/xg1zXKbVfgWco=
D+viuZ8A9Wuv3UCPgtnjNlnGdn2BZIumExoMYhU02VY=
D+viuZ8A9WvY5oCrn5TR/5aTBxqE6Gnd2nb9QD6mZRU=
GXU6oe4e2qGv3UCPgtnjNq7pNkMnCGPYExoMYhU02VY=
GXU6oe4e2qHY5oCrn5TR//FVYLBzmWZQ2nb9QD6mZRU=
/o95XPAHLzmv3UCPgtnjNkUHDEd9LvSeExoMYhU02VY=
/o95XPAHLznY5oCrn5TR/wKKQNfz+fHX2nb9QD6mZRU=
Suk/dXNYs5TY5oCrn5TR/+68GWv3W+mBuHTwCJFWaDw=
Y/Q4hr1+5jXY5oCrn5TR/2hlNQwzSk/r5xWt+ydb71M=
V8Akpj+D7+6v3UCPgtnjNpndwGjgGy7u2Ca4/DvllJ8=
tpQuo+0HLIgv/fABBNMey4FbISwyMXVoqG1Pp1/NCu0teXhziDFSFg==
h5wXRRd4vpGv3UCPgtnjNm0IqPCsnH3bqqjYVQSpxbs=
/WLUpjmI/2uv3UCPgtnjNpfNsoKr03tjyCOI5ImPawkvj7A/hbNYWw==
/WLUpjmI/2vY5oCrn5TR//e1iVyMxOnGoIo65tqpdAk=
rGGLQN0Gjfcv/fABBNMeyzVRG3ABLMgaYTmJKYFGnAGmC/SMoASIgw==
Suk/dXNYs5Sv3UCPgtnjNiXmScleaoQx8CZCDCpWTVQ=
p6XSs+jLYD6v3UCPgtnjNluG1g4t7t4FM2iu+YwkVk8=
4EEgBKQK1qiv3UCPgtnjNqivGpWukn2koXmq5BumIH8vj7A/hbNYWw==
mLXvrJf7F0Sv3UCPgtnjNnJZhqLDPiRYZg1YyqwtWAg=
G2j0T38pwx6v3UCPgtnjNpt591+Hkaj9Xi+9qaWzEpc=
Ow9Q1Wdod1iv3UCPgtnjNtzymf0iv4vbbMKpmWfOQKovj7A/hbNYWw==
m+B9oCi9Qb3Y5oCrn5TR/2p/orHiAPr3rK4VE/ktkdUvj7A/hbNYWw==
y0geHIAaQ3wv/fABBNMey3a4hhCPUVQOXLBNNhDMPxwvj7A/hbNYWw==
tVrePhSQNE8v/fABBNMeyzjv3026HgwejuGRXr6XEZUvj7A/hbNYWw==
k9lnlPWFYmWv3UCPgtnjNiUl5KcfeX4JTJc238sw+NU=
ODLcOUyFWgiv3UCPgtnjNoAuMDqBGAb+YgO1HXFXNIM=
4HojxJxxvc2v3UCPgtnjNm/JZwc/Tq3NHWNBnD9sMBA=
9SPVMNbN6eOv3UCPgtnjNtyzJuLP5Dwqt1X1r5iH90w=
2vZov8vLoRcv/fABBNMeywvTfDX84vWQ/mqi2MvRahUvj7A/hbNYWw==
